32 32
157 158 160 163 165 168 170 171 175 179 180 182 183 185 185 187 185 184 182 180 178 175 172 168 168 167 165 161 158 155 154 152
156 159 161 164 168 169 171 173 175 177 179 180 182 184 184 186 185 184 182 182 179 176 173 169 168 166 165 161 159 156 153 152
155 159 161 163 167 168 172 174 176 177 179 182 183 185 185 185 184 184 182 180 177 174 171 168 168 166 165 162 160 157 156 154
156 160 163 164 168 170 172 173 174 176 178 180 183 191 193 189 185 186 185 182 178 176 173 169 168 167 163 160 159 156 155 153
157 161 164 167 170 173 175 176 178 178 180 183 182 138 132 172 189 183 182 180 177 175 173 171 169 166 164 160 158 154 153 152
159 162 165 169 171 174 176 177 179 179 181 190 111 3 5 30 121 187 182 180 177 175 172 170 169 166 163 160 157 153 151 150
162 165 168 169 173 174 177 179 181 181 182 186 49 5 8 19 27 154 184 180 176 175 172 170 168 166 163 160 156 152 150 149
161 166 170 171 173 175 177 180 186 185 190 155 10 61 73 134 80 84 135 166 178 174 171 168 167 164 161 157 154 151 149 147
162 165 168 170 173 175 178 185 105 61 63 34 44 62 123 157 95 93 101 123 169 173 171 169 166 163 161 157 153 150 147 146
164 168 170 171 174 177 188 120 12 9 11 5 92 93 31 126 85 40 80 134 121 156 172 168 166 164 161 157 154 151 147 146
164 167 169 169 175 179 98 13 12 13 14 13 41 57 5 128 111 63 56 98 168 167 168 166 166 164 161 156 153 150 148 146
162 164 165 168 173 80 9 14 13 12 13 14 19 26 41 70 143 205 100 100 173 167 167 165 165 164 161 157 153 150 148 145
160 163 164 170 88 7 13 13 12 12 13 11 13 44 19 22 131 161 62 147 168 165 164 163 163 162 160 157 153 149 146 143
160 163 165 165 39 5 14 13 13 12 11 13 42 22 10 17 44 24 30 162 166 163 162 160 154 164 158 156 153 150 147 143
162 163 164 169 131 21 9 12 16 15 19 28 18 11 12 16 54 49 48 161 165 162 161 159 166 166 158 157 154 150 148 145
163 163 163 164 174 123 8 9 11 12 29 39 15 13 5 14 76 47 71 171 164 163 162 159 184 173 159 157 154 151 148 146
163 163 163 164 172 120 4 9 11 11 14 24 19 20 68 21 106 161 79 138 170 162 161 159 179 172 157 164 163 152 149 147
163 164 164 165 173 70 6 11 10 13 14 14 11 51 161 61 130 170 108 88 194 178 161 156 177 171 156 157 155 152 149 147
125 129 160 176 144 15 12 14 13 14 15 15 9 110 150 74 149 154 114 64 156 187 181 157 177 172 154 150 147 152 153 151
103 121 139 132 63 6 12 12 12 13 14 12 21 176 129 98 159 168 168 96 99 162 154 158 147 168 167 169 173 153 134 134
85 88 88 81 17 12 14 14 13 13 14 12 32 102 60 72 122 138 120 112 48 84 98 80 52 107 174 179 132 106 68 74
126 129 133 99 10 12 14 14 14 13 14 8 104 174 69 91 104 107 105 100 65 71 105 69 72 62 96 112 90 86 49 54
134 135 136 59 7 13 13 13 15 13 14 13 115 137 58 118 136 138 135 142 118 61 135 136 139 140 136 132 132 131 130 129
138 137 129 25 8 12 13 14 15 13 12 37 136 106 54 126 135 141 125 126 131 57 98 119 111 109 107 106 106 113 113 109
131 134 137 88 22 10 13 15 14 12 10 69 147 79 74 134 130 139 130 129 135 104 63 134 129 124 124 124 122 119 115 115
138 139 136 143 78 12 12 16 15 12 12 104 146 78 124 136 136 142 139 134 133 132 92 132 133 127 124 119 118 117 119 122
130 132 132 143 70 30 13 9 12 9 23 119 125 57 113 127 122 127 134 134 132 132 93 76 129 118 119 117 118 118 115 109
123 126 129 139 61 33 46 19 8 9 47 119 92 45 107 117 114 124 132 139 138 136 130 54 123 124 119 123 122 120 118 113
123 125 125 128 56 29 58 60 13 32 91 135 104 119 122 127 130 129 125 128 131 131 131 110 140 121 118 120 120 116 115 117
129 125 125 127 58 32 55 87 29 27 106 132 114 178 127 129 128 127 124 124 127 123 123 115 131 119 112 111 110 104 115 120
122 126 125 123 52 35 73 103 50 32 92 121 115 153 118 126 128 119 126 130 128 131 125 119 119 132 120 122 112 109 115 115
123 126 124 128 49 31 89 93 44 50 91 116 132 146 119 122 124 116 120 125 123 126 126 119 112 136 115 120 114 118 116 115
