32 32
98 95 141 134 102 97 120 181 117 126 150 130 122 98 118 114 102 103 125 113 166 123 97 155 154 148 131 163 109 165 154 104
98 97 102 96 140 140 131 128 95 151 158 170 118 117 168 159 129 101 103 115 153 98 127 186 114 97 112 136 106 121 100 99
101 126 151 117 121 182 112 98 98 155 153 171 103 145 146 152 156 99 103 106 116 132 133 128 103 105 106 130 102 96 104 102
150 108 152 180 125 148 128 130 139 110 115 128 103 106 105 136 147 126 166 167 174 157 100 103 106 100 127 164 107 163 144 100
174 130 120 121 116 104 106 126 187 147 102 140 171 151 116 108 127 178 153 137 177 135 154 163 128 97 149 152 160 168 119 106
116 125 147 163 107 104 108 108 137 144 159 161 155 166 144 112 114 111 105 116 116 132 147 160 147 134 143 129 156 173 166 117
118 100 105 167 158 130 106 142 171 110 143 184 159 104 104 145 141 104 119 165 117 102 130 179 125 163 150 105 160 152 106 103
181 129 106 136 135 171 118 163 145 109 107 112 155 125 105 130 170 115 163 163 173 107 135 126 101 131 175 114 172 140 100 104
129 130 117 173 108 165 130 108 161 121 113 162 180 118 104 109 166 127 180 119 167 137 131 165 106 109 135 169 154 105 103 123
125 98 116 177 112 125 147 161 179 140 146 165 117 115 130 143 133 115 176 118 119 125 119 182 119 104 104 117 103 102 140 183
139 112 114 168 115 160 170 137 143 157 117 123 111 168 187 166 118 105 122 150 161 141 171 164 120 104 137 111 112 104 112 113
132 147 162 127 110 123 108 106 120 126 136 163 106 118 117 109 109 107 144 170 120 116 161 169 103 126 180 125 161 103 102 104
112 108 144 156 116 105 121 167 176 148 143 162 107 105 105 105 105 110 140 113 104 165 118 149 114 173 151 116 173 116 110 104
160 99 113 119 108 105 114 125 112 102 143 145 107 134 113 145 123 103 100 102 99 153 140 97 110 150 117 112 171 159 171 161
182 104 154 128 135 123 110 133 123 107 111 106 106 174 125 149 186 163 112 115 123 116 148 101 96 126 168 105 114 105 102 113
171 119 162 115 157 144 124 161 164 122 98 103 103 171 130 98 117 131 113 173 130 98 153 121 110 173 134 96 94 93 96 106
133 110 146 99 153 138 97 108 129 150 136 106 99 144 118 99 98 93 144 170 100 101 168 127 115 113 91 96 93 136 173 172
169 162 114 91 116 147 135 138 161 148 121 154 111 96 95 98 100 96 138 117 92 97 165 118 145 166 112 90 93 109 118 97
98 125 114 93 128 164 106 92 93 90 97 171 112 91 113 97 94 95 94 94 92 93 129 112 117 124 154 119 161 165 145 96
90 106 151 109 145 104 117 105 89 92 93 152 102 93 155 104 92 100 89 90 89 86 83 90 152 99 94 94 104 110 103 146
96 164 126 88 102 86 113 161 108 86 88 92 86 92 157 103 89 150 109 82 92 85 127 90 108 134 80 82 80 75 116 136
145 134 84 126 131 81 83 117 151 87 97 113 103 85 139 100 80 141 134 78 133 118 146 124 76 84 80 79 78 73 99 123
151 87 113 155 99 77 84 79 95 83 117 151 153 111 84 82 76 106 137 75 108 155 108 141 75 72 74 74 75 69 84 105
88 83 121 101 73 117 113 77 80 74 74 78 106 89 76 74 72 76 88 71 73 141 97 86 72 108 95 88 67 86 97 62
89 85 70 70 115 154 88 83 148 94 70 72 117 138 114 83 100 79 65 68 66 80 78 66 78 142 99 127 61 79 141 124
138 147 114 82 133 87 82 92 111 152 81 65 61 82 97 81 123 140 95 64 65 62 60 56 86 127 107 115 55 55 66 102
70 85 88 80 75 57 111 100 56 107 86 58 57 60 61 62 63 87 100 57 58 54 91 91 72 89 99 74 51 50 50 50
115 113 68 73 115 64 112 69 57 56 98 116 102 61 52 55 54 50 57 55 52 48 72 135 67 47 51 51 52 52 58 106
87 73 56 51 109 85 57 52 53 53 68 74 73 55 49 51 48 47 89 107 51 50 48 100 106 47 49 51 55 55 52 113
51 50 49 47 77 91 49 50 71 110 67 47 49 74 79 89 85 46 60 129 79 49 50 55 69 49 52 93 94 52 49 74
53 52 71 64 52 56 50 64 129 100 57 52 47 103 94 59 114 85 45 88 97 50 54 52 48 56 107 109 61 52 52 54
53 50 86 129 93 52 51 71 78 48 53 52 47 102 91 43 59 95 56 52 56 53 52 53 52 55 93 69 50 50 53 53
